-0.30321046710014343 0.45239385962486267 1.8403092622756958 -0.21543796360492706 1.6602412462234497 -0.9315434098243713
-0.3032074272632599 0.4407194256782532 1.774001121520996 -0.27008056640625 1.6602412462234497 -0.9315434098243713
-0.3023960590362549 0.43891608715057373 1.7712210416793823 -0.2773396074771881 1.6576919555664062 -1.0024867057800293
-0.30141323804855347 0.43727803230285645 1.7686216831207275 -0.28466466069221497 1.654544711112976 -1.07594633102417
-0.3001977205276489 0.4339805543422699 1.7633891105651855 -0.29940280318260193 1.6506675481796265 -1.0743764638900757
-0.3157605528831482 0.4247463345527649 1.7550122737884521 -0.31613266468048096 1.698740839958191 -1.093145728111267
-0.2717541456222534 0.4499812126159668 1.778250813484192 -0.27334877848625183 1.5635409355163574 -1.0421491861343384
-0.3131856322288513 0.4262557625770569 1.7563869953155518 -0.31323492527008057 1.6907812356948853 -1.0899839401245117
-0.2698160409927368 0.4487626552581787 1.7697850465774536 -0.3170826733112335 1.693792700767517 -1.0465800762176514
-0.30799904465675354 0.3769127428531647 1.7314612865447998 -0.2737926244735718 1.646643877029419 -1.0819252729415894
-0.33581188321113586 0.4312586486339569 1.761426568031311 -0.30020976066589355 1.6450189352035522 -1.1098792552947998
-0.33569860458374023 0.41560089588165283 1.6878865957260132 -0.3582269549369812 1.6450189352035522 -1.1098792552947998
-0.3226127326488495 0.4261455535888672 1.883412480354309 -0.17239731550216675 1.645770788192749 -1.0967293977737427
-0.2645223140716553 0.4581407606601715 1.9017308950424194 -0.18144267797470093 1.649053692817688 -1.0385618209838867
-0.17006449401378632 0.5035310983657837 1.9262279272079468 -0.1947319358587265 1.653800129890442 -0.9439413547515869
-0.48947155475616455 0.3142174184322357 1.8124628067016602 -0.1429724097251892 1.6346969604492188 -1.2634851932525635
-0.33000683784484863 0.3764198124408722 1.7748339176177979 -0.23154793679714203 1.645359992980957 -1.1040544509887695
-0.46745765209198 0.3174108564853668 1.7352088689804077 -0.22179098427295685 1.6365567445755005 -1.2415908575057983
-0.2600368559360504 0.48670071363449097 1.8355787992477417 -0.275747686624527 1.6493030786514282 -1.0341124534606934
-0.2586590647697449 0.48538413643836975 1.8333284854888916 -0.28238680958747864 1.6450445652008057 -1.1094133853912354
-0.28076791763305664 0.4765479564666748 1.828050136566162 -0.28921300172805786 1.7098512649536133 -1.1355113983154297
